CFrame 1: 145.031555, 445.693726, 58.5719872, -0.672188401, -0.0901845545, 0.734866917, -0.0240177996, 0.994687378, 0.100101031, -0.739990413, 0.0496368632, -0.670783341
CFrame 2: 144.234299, 441.677948, 64.3541565, 0.562342465, 0.0219462216, 0.826613188, 0.150532112, 0.980227232, -0.128431171, -0.813087344, 0.196654141, 0.54791981
CFrame 3: 143.949524, 440.181061, 66.4195251, 0.880412281, 0.0050342232, 0.474182308, 0.12103945, 0.964436293, -0.234972537, -0.458501518, 0.264267474, 0.848492265
CFrame 4: 143.706253, 438.78717, 68.1838913, 0.993567824, -0.0650043413, 0.0927224085, 0.0899643078, 0.95040524, -0.297718555, -0.0687708631, 0.304145306, 0.950140119
CFrame 5: 143.625778, 438.242737, 68.7675629, 0.998720706, -0.0171175376, -0.047581818, 0.000261022709, 0.942695081, -0.333655417, 0.0505665056, 0.333216131, 0.941493511
CFrame 6: 143.595154, 437.990448, 68.9896469, 0.995011628, -0.050926853, -0.0857803822, 0.0194710307, 0.942482889, -0.333686888, 0.0978401601, 0.330352128, 0.938773036
CFrame 7: 143.584763, 437.880096, 69.0649414, 0.994800627, -0.0512738451, -0.0879926383, 0.0188126694, 0.941664457, -0.336027086, 0.100088939, 0.332624555, 0.937732995
CFrame 8: 143.580948, 437.830383, 69.092598, 0.997313619, -0.0312741473, -0.0662382618, 0.00688008033, 0.940271437, -0.340356082, 0.0729262903, 0.338986009, 0.937960684
CFrame 9: 143.579971, 437.817413, 69.0997086, 0.999772131, -0.0108073745, 0.0184105095, 0.0164407529, 0.939895451, -0.34106636, -0.0136179235, 0.341291308, 0.939858913
CFrame 10: 143.579758, 437.814636, 69.1012344, 0.982481718, 0.0362617038, 0.182797015, 0.0285334326, 0.94005096, -0.339838326, -0.184161633, 0.339100778, 0.922548175
CFrame 11: 143.579666, 437.813354, 69.101944, 0.773966551, 0.148624212, 0.615537703, 0.0579332113, 0.951369226, -0.302556396, -0.630570829, 0.269828618, 0.727717698
CFrame 12: 143.392288, 438.098846, 69.4245911, 0.482744634, 0.134957045, 0.865300119, 0.0642619357, 0.979932487, -0.188687027, -0.873400271, 0.146693498, 0.464384556
CFrame 13: 143.381027, 438.115967, 69.4439621, 0.462619931, 0.13259691, 0.876584828, 0.0632117316, 0.981302202, -0.181797206, -0.884300411, 0.139513463, 0.445588291
CFrame 14: 143.380142, 438.11734, 69.4454956, 0.461013794, 0.13240248, 0.877459884, 0.0631215423, 0.981408954, -0.181251451, -0.885145187, 0.138946041, 0.444085598
CFrame 15: 143.379974, 438.117584, 69.4457855, 0.460715473, 0.13236627, 0.877622008, 0.0631046891, 0.981428742, -0.181150168, -0.885301709, 0.138840765, 0.443806469
CFrame 16: 142.155426, 438.390503, 71.6689224, 0.272033691, 0.107650757, 0.956247389, 0.0116502978, 0.993281603, -0.115134217, -0.962217271, 0.0424609557, 0.268951893
CFrame 17: 141.670578, 438.630737, 72.5954437, 0.195998132, 0.106432363, 0.974811196, -0.0081792362, 0.994235218, -0.10690859, -0.980570197, 0.0129806735, 0.195738792
CFrame 18: 141.15831, 438.741852, 73.6255035, 0.109698899, 0.0951349586, 0.989401579, -0.00607866049, 0.995454609, -0.0950430185, -0.993946314, 0.0044118762, 0.109778583
CFrame 19: 140.960175, 438.708618, 73.9917297, 0.0717107952, 0.0996292233, 0.992437303, -0.0077817589, 0.995024502, -0.0993266627, -0.997395217, -0.000600099564, 0.0721293092
CFrame 20: 140.766907, 438.69873, 74.2798767, 0.0342287719, 0.104505457, 0.993935168, -0.00910831988, 0.994509161, -0.104252145, -0.999372542, -0.00548465177, 0.0349926949
CFrame 21: 140.559753, 438.695984, 74.5068588, -0.00449154899, 0.108250543, 0.994113564, -0.00944877788, 0.994074523, -0.108288988, -0.999945283, -0.0098795481, -0.00344210863
CFrame 22: 140.329697, 438.695496, 74.6799164, -0.045571886, 0.110619277, 0.992817581, -0.00874925032, 0.993767738, -0.111126751, -0.998922884, -0.0137506574, -0.0443200469
CFrame 23: 140.053619, 438.695892, 74.8075333, -0.0926709846, 0.111671701, 0.989414692, -0.00694419071, 0.99359417, -0.112793833, -0.995672584, -0.0173234046, -0.0913018584
CFrame 24: 139.77739, 438.696564, 74.8745422, -0.137755513, 0.105499022, 0.98483187, -0.00138093531, 0.994289756, -0.106705368, -0.990465462, -0.0160592236, -0.136823177
CFrame 25: 139.461273, 438.697449, 74.8893585, -0.1873184, 0.0983756706, 0.977360725, 0.00463082641, 0.995049894, -0.0992686301, -0.982288361, -0.0140688494, -0.186846733
CFrame 26: 139.167953, 438.698273, 74.8615799, -0.231937543, 0.10384772, 0.967171431, 0.00388525426, 0.994375885, -0.10583701, -0.972722888, -0.0207898691, -0.231036603
CFrame 27: 138.74884, 438.699432, 74.769455, -0.292672426, 0.0882699639, 0.95213002, 0.0139162391, 0.996017873, -0.088061057, -0.95611161, -0.0125229731, -0.292735338
CFrame 28: 138.549133, 438.699951, 74.7085495, -0.320703119, 0.086676538, 0.943205774, 0.0156758241, 0.996153474, -0.0862122178, -0.947050273, -0.0128629841, -0.320828259
CFrame 29: 138.138199, 438.701019, 74.5562439, -0.37636584, 0.0886212662, 0.922222912, 0.0167551041, 0.995902836, -0.0888636857, -0.926319659, -0.0179933161, -0.37630868
CFrame 30: 137.768402, 438.701935, 74.3972931, -0.424139857, 0.0926538557, 0.900844336, 0.0166914649, 0.995383143, -0.0945186168, -0.905442834, -0.0250527076, -0.423728228
CFrame 31: 137.295761, 438.703033, 74.1738815, -0.481899828, 0.0980279148, 0.870725572, 0.0165405162, 0.994562924, -0.102815464, -0.876070201, -0.0351445042, -0.480901122
CFrame 32: 136.942749, 438.703827, 73.9992142, -0.522649229, 0.100920677, 0.846553683, 0.0168612413, 0.993998289, -0.108088225, -0.852381229, -0.0422182679, -0.521214068
CFrame 33: 136.546051, 438.704651, 73.799675, -0.565860868, 0.102420636, 0.81811446, 0.0177638456, 0.993538678, -0.112095542, -0.82430917, -0.0488976315, -0.564024031
CFrame 34: 135.937653, 438.705536, 73.842598, -0.611801267, 0.101238921, 0.784506381, 0.0194975249, 0.993404627, -0.112991579, -0.790771425, -0.0538324341, -0.609740138
CFrame 35: 135.343735, 438.706512, 73.6596832, -0.662824869, 0.093712844, 0.74288702, 0.0227038115, 0.994196355, -0.10515774, -0.748430252, -0.0528348014, -0.661105692
CFrame 36: 135.072037, 438.70694, 73.5557404, -0.685531616, 0.0904172286, 0.722406745, 0.0238113329, 0.994511843, -0.10187833, -0.727653623, -0.0526393242, -0.683922291
CFrame 37: 134.66626, 438.70755, 73.4046783, -0.717534602, 0.089265205, 0.690779328, 0.0242715701, 0.994355798, -0.103282899, -0.696099997, -0.0573427379, -0.715651333
CFrame 38: 134.349625, 438.707947, 73.3021851, -0.7405532, 0.0888982415, 0.666091681, 0.0243122093, 0.994106531, -0.10564588, -0.671557903, -0.0620422326, -0.738350093
CFrame 39: 133.890625, 438.708435, 73.1880341, -0.770809293, 0.0865998492, 0.631152868, 0.0243254974, 0.993996143, -0.106677175, -0.636601686, -0.0668746382, -0.768288016
CFrame 40: 133.621902, 438.708618, 73.1426392, -0.786886215, 0.0842267871, 0.611323416, 0.0242489688, 0.994096875, -0.105751574, -0.616621792, -0.0683904737, -0.784283519
CFrame 41: 133.304428, 438.70874, 73.1223373, -0.803997397, 0.0807166547, 0.589128852, 0.0238777641, 0.994327545, -0.103646465, -0.594153047, -0.0692644194, -0.801364064
CFrame 42: 132.930069, 438.70871, 73.1462631, -0.821804047, 0.0748124644, 0.564837337, 0.0230731964, 0.994898856, -0.098203823, -0.569302917, -0.0676717013, -0.819338024
CFrame 43: 132.56279, 438.708405, 73.230629, -0.836707234, 0.0712608844, 0.542994738, 0.0215165522, 0.995010078, -0.0974268243, -0.547227979, -0.0698343292, -0.834065378
CFrame 44: 132.333389, 438.708008, 73.3199234, -0.844692469, 0.0697626173, 0.530686319, 0.0202165674, 0.994920731, -0.0986109674, -0.534870207, -0.0725672841, -0.841812372
CFrame 45: 132.028595, 438.707001, 73.5063858, -0.853274822, 0.0653607845, 0.51734972, 0.018043071, 0.995220184, -0.095975101, -0.521149874, -0.0725585222, -0.850375652
CFrame 46: 131.805069, 438.705841, 73.6882935, -0.858297706, 0.0625069141, 0.509331346, 0.0160832182, 0.995342672, -0.0950493589, -0.512900472, -0.0733889416, -0.855305612
CFrame 47: 131.411972, 438.701782, 74.1202087, -0.864262402, 0.0576017834, 0.499732822, 0.0118036726, 0.99547106, -0.0943292752, -0.502903104, -0.075626567, -0.861028075
CFrame 48: 120.76136, 441.435089, 97.3621674, 0.921837509, 0.0126248095, 0.387371421, -0.0534775816, 0.994052827, 0.0948648155, -0.383870006, -0.108165629, 0.917030156
CFrame 49: 117.264954, 442.348236, 105.025696, 0.941318631, 0.0420418009, -0.334891021, 0.00281044748, 0.991201043, 0.132333815, 0.337507933, -0.125509486, 0.932918072
CFrame 50: 117.264954, 442.348236, 105.025665, 0.941345096, 0.0451660007, -0.334409624, 0.00207240134, 0.990209103, 0.139573306, 0.337439597, -0.132079661, 0.932035327
CFrame 51: 117.264954, 442.348236, 105.025673, 0.941389501, 0.0461946391, -0.33414343, 0.00175306201, 0.989895225, 0.141789928, 0.3373169, -0.134065315, 0.931796014
CFrame 52: 117.264954, 442.348236, 105.025681, 0.941575229, 0.0476365536, -0.333416939, 0.00100537203, 0.989545226, 0.144219324, 0.336801231, -0.13612856, 0.931683362
CFrame 53: 117.264946, 442.348236, 105.025688, 0.941720963, 0.0481775925, -0.332927257, 0.000523626804, 0.989480138, 0.144667879, 0.336394638, -0.136411116, 0.931788921
CFrame 54: 117.264954, 442.348236, 105.025696, 0.942165911, 0.0474783294, -0.331766725, -0.00069635734, 0.99018991, 0.139726162, 0.33514601, -0.131414205, 0.932956278
CFrame 55: 117.264938, 442.348236, 105.025711, 0.942916632, 0.0438012071, -0.330135673, -0.00220206007, 0.992111325, 0.125340313, 0.333021432, -0.1174585, 0.93557477
CFrame 56: 117.264946, 442.348236, 105.025703, 0.94363457, 0.0401686765, -0.32854268, -0.00321358442, 0.993673682, 0.112259738, 0.330973536, -0.104876377, 0.937793911
CFrame 57: 117.264954, 442.348236, 105.025688, 0.944660485, 0.0358971283, -0.326079786, -0.00423241593, 0.995245934, 0.0973021835, 0.32802242, -0.090537414, 0.940321386
CFrame 58: 117.264946, 442.348236, 105.025696, 0.945930004, 0.0322367176, -0.322765052, -0.0050454, 0.996391237, 0.0847297013, 0.324331641, -0.0785198808, 0.942678988
CFrame 59: 117.264961, 442.348206, 105.02565, 0.948139429, 0.02945216, -0.316487223, -0.00573736429, 0.997121453, 0.0756035596, 0.317802876, -0.0698669106, 0.945579171
CFrame 60: 117.265099, 442.347931, 105.025314, 0.94941467, 0.0288002323, -0.312701732, -0.00597534515, 0.997262061, 0.073706992, 0.313968331, -0.0681099966, 0.946987271
CFrame 61: 117.267021, 442.346069, 105.020638, 0.952091753, 0.0282705911, -0.304502904, -0.00637013372, 0.997335196, 0.0726768225, 0.305746078, -0.0672552735, 0.949734747
CFrame 62: 117.272469, 442.342102, 105.007347, 0.954759419, 0.0280490518, -0.29605341, -0.00674977433, 0.997329354, 0.0727224723, 0.297302544, -0.0674341694, 0.952398956
CFrame 63: 117.284698, 442.334625, 104.977524, 0.957817078, 0.0279120561, -0.286019892, -0.00720038079, 0.997290492, 0.0732109249, 0.287288398, -0.0680632293, 0.955422878
CFrame 64: 117.307854, 442.322083, 104.921028, 0.961091816, 0.0278096981, -0.274825782, -0.0077069886, 0.997231603, 0.073958084, 0.276121706, -0.068962425, 0.958645403
CFrame 65: 117.334846, 442.308472, 104.855171, 0.963641286, 0.0277292039, -0.265756607, -0.00811752863, 0.997179627, 0.074611932, 0.267076015, -0.0697418451, 0.9611485
CFrame 66: 117.380409, 442.286743, 104.743996, 0.966648161, 0.0276121385, -0.254615128, -0.00861626212, 0.99711448, 0.0754219517, 0.255962968, -0.0707126632, 0.964096785
CFrame 67: 117.425072, 442.266266, 104.635056, 0.968856335, 0.0274991151, -0.246091828, -0.0089901071, 0.997065663, 0.0760216266, 0.247460231, -0.0714416355, 0.966260552
CFrame 68: 117.490349, 442.237244, 104.475807, 0.971293569, 0.0273311473, -0.236308709, -0.00940350816, 0.997012794, 0.0766621605, 0.237698063, -0.0722393319, 0.968649089
CFrame 69: 117.575577, 442.200378, 104.267899, 0.973708034, 0.0271036774, -0.226181671, -0.00980734732, 0.996963739, 0.0772471726, 0.227588609, -0.0729979426, 0.971017361
CFrame 70: 117.683548, 442.154816, 104.004486, 0.975974917, 0.0268038753, -0.216227919, -0.0101649594, 0.996925056, 0.0776990801, 0.217645675, -0.073634401, 0.973246276
CFrame 71: 117.79187, 442.109924, 103.740257, 0.977751195, 0.0264936015, -0.208088174, -0.0104214242, 0.996902227, 0.0779572055, 0.209508941, -0.0740541741, 0.974998415
CFrame 72: 117.946899, 442.042664, 103.2985, 0.979760051, 0.0230570175, -0.198843092, -0.00861447398, 0.997280478, 0.0731943771, 0.199989974, -0.0700000003, 0.977294207
CFrame 73: 118.091118, 441.933289, 102.623787, 0.981742024, 0.00743523054, -0.190071732, 0.00190710765, 0.998800814, 0.0489215441, 0.190207541, -0.0483908243, 0.980550587
CFrame 74: 118.126953, 441.820435, 102.201416, 0.982747018, -0.00869970489, -0.184750274, 0.0134191466, 0.999614418, 0.0243099891, 0.184467539, -0.026369758, 0.982484818
CFrame 75: 118.099709, 441.59787, 101.732063, 0.983433545, -0.0361108743, -0.177635506, 0.0337277316, 0.999296188, -0.0164183304, 0.178103372, 0.0101550957, 0.983959377
CFrame 76: 118.02858, 441.353882, 101.426796, 0.983234167, -0.0629905015, -0.171122119, 0.0540767498, 0.996950328, -0.0562656261, 0.174144432, 0.0460685603, 0.983641922
CFrame 77: 117.932709, 441.086731, 101.203003, 0.982202113, -0.0915700942, -0.163993642, 0.0757432729, 0.9920699, -0.100301057, 0.171877727, 0.0860944986, 0.981348991
CFrame 78: 117.874443, 440.935425, 101.109993, 0.98117137, -0.109040588, -0.159413978, 0.0886126608, 0.987535238, -0.130084097, 0.171611384, 0.113508694, 0.978603721
CFrame 79: 117.843254, 440.838348, 101.043785, 0.979860783, -0.126527831, -0.154478416, 0.0997321978, 0.980324447, -0.170345172, 0.172992364, 0.151508078, 0.973200381
CFrame 80: 117.844704, 440.827301, 101.023079, 0.97959727, -0.129901543, -0.153345451, 0.100734144, 0.97762692, -0.18465732, 0.173901901, 0.16544269, 0.970766127
CFrame 81: 117.861443, 440.836151, 100.988342, 0.97981137, -0.128453329, -0.153197348, 0.0958636254, 0.97430408, -0.20381777, 0.175441861, 0.185016915, 0.966948211
CFrame 82: 117.882179, 440.857117, 100.957741, 0.980548322, -0.121157944, -0.154420838, 0.0862141103, 0.972648501, -0.215689704, 0.176329717, 0.198180929, 0.96417433
CFrame 83: 117.912376, 440.892059, 100.91629, 0.981929243, -0.105745599, -0.156948462, 0.0678760707, 0.970934629, -0.229518518, 0.176657274, 0.21471791, 0.9605667
CFrame 84: 117.938385, 440.924225, 100.880875, 0.983218908, -0.0887714624, -0.15937458, 0.0481083095, 0.968866229, -0.242866054, 0.175972208, 0.231123254, 0.956878185
CFrame 85: 117.974609, 440.971344, 100.830353, 0.984880447, -0.0589882806, -0.162882805, 0.0130770486, 0.962873697, -0.269635201, 0.172740906, 0.26342845, 0.949086905
CFrame 86: 118.002907, 441.01004, 100.788788, 0.985920429, -0.0280660521, -0.164843112, -0.0241037849, 0.95166415, -0.306193352, 0.165468931, 0.305855632, 0.937588632
CFrame 87: 118.020691, 441.035004, 100.761681, 0.986509442, -0.0027786158, -0.163680881, -0.0542148352, 0.937888086, -0.342675835, 0.15446651, 0.346926898, 0.92508477
CFrame 88: 118.040565, 441.063507, 100.730362, 0.986863256, 0.0341939256, -0.157897532, -0.0958996937, 0.910517275, -0.402195871, 0.13001579, 0.412054658, 0.901835263
CFrame 89: 118.053932, 441.082977, 100.708687, 0.986544549, 0.0670403764, -0.149115562, -0.128900245, 0.879989326, -0.457169116, 0.100571312, 0.470238745, 0.876790166
CFrame 90: 118.063026, 441.096405, 100.69355, 0.985699058, 0.0961271971, -0.138408422, -0.153778449, 0.849007607, -0.505507946, 0.0689167455, 0.51956296, 0.851648331
CFrame 91: 118.072144, 441.109955, 100.678085, 0.983583093, 0.135485157, -0.11919754, -0.179470733, 0.80335927, -0.567806423, 0.0188291296, 0.579877317, 0.814486265
CFrame 92: 118.076958, 441.117065, 100.669899, 0.98128587, 0.162564531, -0.103202708, -0.191597894, 0.770905018, -0.607450068, -0.0191903561, 0.615855634, 0.787625253
CFrame 93: 118.081444, 441.123535, 100.662453, 0.977482378, 0.195295587, -0.079924494, -0.19955416, 0.732374668, -0.65100348, -0.0686034262, 0.652293682, 0.754855335
CFrame 94: 118.085541, 441.12912, 100.656075, 0.971012175, 0.234319866, -0.0472191535, -0.200170219, 0.689159036, -0.696413577, -0.130641982, 0.685677946, 0.716085613
CFrame 95: 118.088661, 441.132812, 100.652008, 0.961960971, 0.27306205, -0.00826352835, -0.191265732, 0.651588857, -0.734063745, -0.195060477, 0.707721233, 0.679030418
CFrame 96: 118.09063, 441.134644, 100.650192, 0.95257026, 0.3030532, 0.0277259648, -0.177706644, 0.627899647, -0.757735133, -0.247043133, 0.716868877, 0.651973069
CFrame 97: 118.0924, 441.135742, 100.649422, 0.940250874, 0.333099663, 0.0705188662, -0.158022135, 0.610376954, -0.77618885, -0.301591277, 0.718668699, 0.626544595
CFrame 98: 118.095108, 441.136292, 100.650055, 0.91781497, 0.37206912, 0.138492927, -0.123207934, 0.598559916, -0.791546643, -0.377406299, 0.70942992, 0.595209062
CFrame 99: 118.101105, 441.135468, 100.654022, 0.89191103, 0.40324387, 0.204668432, -0.0880543888, 0.598798513, -0.796044588, -0.443555206, 0.691978931, 0.569582343
CFrame 100: 118.115295, 441.132568, 100.663872, 0.856058776, 0.432673424, 0.282766968, -0.0472200215, 0.610244453, -0.790804684, -0.514717102, 0.663623035, 0.542835951
CFrame 101: 118.132256, 441.128784, 100.675369, 0.825913846, 0.448948294, 0.341045082, -0.0183931589, 0.626041889, -0.779572487, -0.563496232, 0.637586832, 0.525314271
CFrame 102: 118.139732, 441.127106, 100.680443, 0.811415076, 0.455464691, 0.366275132, -0.00603631139, 0.633175731, -0.773984551, -0.584439158, 0.625811815, 0.516517639
CFrame 103: 118.143967, 441.12616, 100.683311, 0.802891612, 0.458969235, 0.380410731, 0.000852823257, 0.637254179, -0.770653248, -0.59612447, 0.619075418, 0.511254609
CFrame 104: 118.241302, 441.102936, 100.744804, 0.724216938, 0.451977581, 0.520793676, 0.0483168066, 0.720125377, -0.692159653, -0.687877417, 0.526436806, 0.499688923
CFrame 105: 118.320877, 441.083771, 100.793839, 0.672637224, 0.426523238, 0.604679346, 0.0655431747, 0.77961123, -0.62282455, -0.737064004, 0.458567619, 0.496439844
CFrame 106: 118.428688, 441.057648, 100.859047, 0.61907804, 0.375654876, 0.689656317, 0.0704719871, 0.848058164, -0.525196195, -0.782161176, 0.373738915, 0.498541057
CFrame 107: 118.556076, 441.026642, 100.93515, 0.571279705, 0.300775498, 0.763657987, 0.0611586347, 0.912246525, -0.405050486, -0.818473637, 0.278101414, 0.5027529
CFrame 108: 118.679482, 440.99649, 101.008575, 0.534794271, 0.217283294, 0.816567898, 0.0431740731, 0.958083928, -0.283215731, -0.843878627, 0.186716706, 0.502996802
CFrame 109: 118.763809, 440.97583, 101.058922, 0.512694836, 0.154590905, 0.844538748, 0.0275584683, 0.980186403, -0.196150839, -0.858128488, 0.123839706, 0.498276144
CFrame 110: 118.836372, 440.958008, 101.103058, 0.493624687, 0.0932903588, 0.864656985, 0.0123921148, 0.993374467, -0.114252619, -0.869586766, 0.0671128407, 0.489198089
CFrame 111: 118.866806, 440.950378, 101.123642, 0.480034202, 0.0553736612, 0.875500321, 0.00537343509, 0.997801542, -0.066055201, -0.877233267, 0.0364132002, 0.478681326
CFrame 112: 118.878334, 440.947205, 101.134705, 0.467270136, 0.029258281, 0.883630455, 0.00210734177, 0.999412537, -0.0342063755, -0.884112179, 0.0178457331, 0.466933966
CFrame 113: 118.88028, 440.946259, 101.141029, 0.45586735, 0.0139420973, 0.889938533, 0.000862560235, 0.999869883, -0.0161061659, -0.890047371, 0.00810990017, 0.455796003
CFrame 114: 118.879555, 440.946014, 101.144867, 0.447768003, 0.00680935988, 0.894123912, 0.000407878775, 0.999969304, -0.00781970657, -0.89414978, 0.00386610883, 0.447751462
CFrame 115: 118.878288, 440.945923, 101.148033, 0.440950811, 0.00278683472, 0.89752692, 0.000170712825, 0.999994874, -0.00318886968, -0.897531211, 0.00155935413, 0.440948069
CFrame 116: 118.877182, 440.945892, 101.150314, 0.436119974, 0.000886927941, 0.899888098, 5.65478404e-05, 0.999999464, -0.00101300282, -0.899888575, 0.000492677558, 0.436119676
CFrame 117: 119.004913, 440.607239, 100.197144, 0.446456164, 0.00851459056, 0.89476496, 0.00724153453, 0.999887586, -0.013128208, -0.894776165, 0.0123406406, 0.446344316
CFrame 118: 119.498917, 440.503357, 100.169479, 0.449626178, 0.0108269257, 0.893151224, 0.00941743422, 0.999813497, -0.0168607868, -0.893167198, 0.0159922428, 0.44944036
CFrame 119: 121.323669, 440.458862, 101.096603, 0.450983822, 0.0118132373, 0.892453849, 0.0103452327, 0.999776065, -0.0184615944, -0.892472088, 0.0175585244, 0.450760603
CFrame 120: 123.308548, 440.447052, 102.216171, 0.451343507, 0.0120741166, 0.892268538, 0.0105906017, 0.999765575, -0.0188858882, -0.892287374, 0.0179736838, 0.451109827
CFrame 121: 125.461342, 440.44223, 103.454582, 0.451490372, 0.0121807558, 0.89219296, 0.0106908986, 0.999761224, -0.0190594289, -0.892212033, 0.0181434918, 0.451252341
CFrame 122: 126.205215, 440.44104, 103.883911, 0.451527029, 0.0122073684, 0.892173946, 0.0107159279, 0.999760151, -0.0191027466, -0.892193139, 0.0181858782, 0.451287925
CFrame 123: 126.513824, 440.440765, 104.062683, 0.451535672, 0.0122135794, 0.892169476, 0.0107217701, 0.999759853, -0.0191128589, -0.892188668, 0.0181957744, 0.45129627
CFrame 124: 126.70063, 440.440674, 104.171173, 0.451537937, 0.0122152865, 0.892168343, 0.0107233748, 0.999759793, -0.0191156324, -0.892187536, 0.0181984883, 0.451298475
CFrame 125: 126.894485, 440.440643, 104.283936, 0.451538771, 0.0122158621, 0.892167866, 0.010723915, 0.999759793, -0.019116573, -0.892187059, 0.0181994066, 0.45129931
CFrame 126: 127.08004, 440.440643, 104.391914, 0.45153901, 0.0122160045, 0.892167747, 0.01072405, 0.999759793, -0.0191168059, -0.89218694, 0.0181996357, 0.451299548
CFrame 127: 127.235512, 440.440643, 104.482399, 0.45153901, 0.0122160371, 0.892167807, 0.0107240807, 0.999759793, -0.019116858, -0.892186999, 0.0181996878, 0.451299548
CFrame 128: 127.318901, 440.440643, 104.530937, 0.451538891, 0.0122160446, 0.892167807, 0.0107240882, 0.999759793, -0.0191168673, -0.892186999, 0.0181996971, 0.451299429
CFrame 129: 127.458305, 440.440643, 104.612076, 0.45153901, 0.0122160483, 0.892167687, 0.0107240919, 0.999759793, -0.0191168729, -0.89218688, 0.0181997027, 0.451299548
CFrame 130: 127.555923, 440.440643, 104.6689, 0.45153901, 0.0122160492, 0.892167687, 0.0107240928, 0.999759793, -0.0191168748, -0.89218688, 0.0181997046, 0.451299548
CFrame 131: 127.672729, 440.440643, 104.736893, 0.45153901, 0.0122160511, 0.892167807, 0.0107240928, 0.999759793, -0.0191168804, -0.892186999, 0.0181997065, 0.451299548
CFrame 132: 127.764877, 440.440643, 104.79052, 0.451538891, 0.0122160492, 0.892167807, 0.0107240928, 0.999759793, -0.0191168748, -0.892186999, 0.0181997046, 0.451299429
CFrame 133: 127.87262, 440.440643, 104.853233, 0.45153901, 0.0122160465, 0.892167747, 0.01072409, 0.999759793, -0.0191168729, -0.89218694, 0.0181997027, 0.451299548
CFrame 134: 127.954414, 440.440643, 104.900833, 0.45153901, 0.0122160465, 0.892167747, 0.01072409, 0.999759793, -0.0191168729, -0.89218694, 0.0181997027, 0.451299548
CFrame 135: 128.069962, 440.440643, 104.968094, 0.45153901, 0.0122160465, 0.892167747, 0.01072409, 0.999759793, -0.0191168729, -0.89218694, 0.0181997027, 0.451299548
CFrame 136: 128.121521, 440.440643, 104.998116, 0.45153901, 0.0122160465, 0.892167747, 0.01072409, 0.999759793, -0.0191168729, -0.89218694, 0.0181997027, 0.451299548
CFrame 137: 128.198547, 440.440643, 105.042953, 0.45153901, 0.0122160492, 0.892167747, 0.0107240928, 0.999759793, -0.0191168766, -0.89218694, 0.0181997065, 0.451299548
CFrame 138: 128.266068, 440.440643, 105.082245, 0.45153901, 0.0122160502, 0.892167747, 0.0107240938, 0.999759793, -0.0191168785, -0.89218694, 0.0181997083, 0.451299548
CFrame 139: 128.328781, 440.440643, 105.118752, 0.45153901, 0.0122160483, 0.892167687, 0.0107240919, 0.999759793, -0.0191168729, -0.89218688, 0.0181997027, 0.451299548
CFrame 140: 128.397888, 440.440643, 105.158981, 0.45153901, 0.0122160465, 0.892167687, 0.01072409, 0.999759793, -0.0191168711, -0.89218688, 0.0181997009, 0.451299548
CFrame 141: 128.453369, 440.440643, 105.191269, 0.45153901, 0.0122160465, 0.892167687, 0.01072409, 0.999759793, -0.0191168711, -0.89218688, 0.0181997009, 0.451299548
CFrame 142: 128.506165, 440.440643, 105.222, 0.45153901, 0.0122160455, 0.892167807, 0.0107240891, 0.999759793, -0.0191168729, -0.892186999, 0.0181997027, 0.451299548
CFrame 143: 128.559494, 440.440643, 105.253036, 0.45153901, 0.0122160465, 0.892167747, 0.01072409, 0.999759793, -0.0191168729, -0.89218694, 0.0181997027, 0.451299548
CFrame 144: 128.602631, 440.440643, 105.278137, 0.45153901, 0.0122160465, 0.892167687, 0.01072409, 0.999759793, -0.0191168711, -0.89218688, 0.0181997009, 0.451299548
CFrame 145: 128.652039, 440.440643, 105.306908, 0.45153901, 0.0122160465, 0.892167687, 0.01072409, 0.999759793, -0.0191168711, -0.89218688, 0.0181997009, 0.451299548
CFrame 146: 128.689774, 440.440643, 105.328857, 0.45153901, 0.0122160455, 0.892167747, 0.0107240891, 0.999759793, -0.0191168711, -0.89218694, 0.0181997009, 0.451299548
CFrame 147: 128.729187, 440.440643, 105.351807, 0.45153901, 0.0122160455, 0.892167747, 0.0107240891, 0.999759793, -0.0191168711, -0.89218694, 0.0181997009, 0.451299548
CFrame 148: 128.761124, 440.440643, 105.370399, 0.45153901, 0.0122160465, 0.892167747, 0.01072409, 0.999759793, -0.0191168729, -0.89218694, 0.0181997027, 0.451299548
CFrame 149: 128.807846, 440.440643, 105.397591, 0.45153901, 0.0122160465, 0.892167747, 0.01072409, 0.999759793, -0.0191168729, -0.89218694, 0.0181997027, 0.451299548
CFrame 150: 128.826706, 440.440643, 105.408569, 0.45153901, 0.0122160455, 0.892167687, 0.0107240891, 0.999759793, -0.0191168692, -0.89218688, 0.018199699, 0.451299548
CFrame 151: 128.858063, 440.440643, 105.426811, 0.45153901, 0.0122160455, 0.892167747, 0.0107240891, 0.999759793, -0.0191168711, -0.89218694, 0.0181997009, 0.451299548
CFrame 152: 128.887329, 440.440643, 105.44384, 0.45153901, 0.0122160455, 0.892167747, 0.0107240891, 0.999759793, -0.0191168711, -0.89218694, 0.0181997009, 0.451299548
CFrame 153: 128.905319, 440.440643, 105.454315, 0.45153901, 0.0122160455, 0.892167747, 0.0107240891, 0.999759793, -0.0191168711, -0.89218694, 0.0181997009, 0.451299548
CFrame 154: 128.93013, 440.440643, 105.468758, 0.45153901, 0.0122160455, 0.892167747, 0.0107240891, 0.999759793, -0.0191168711, -0.89218694, 0.0181997009, 0.451299548
CFrame 155: 128.951157, 440.440643, 105.480995, 0.45153901, 0.0122160455, 0.892167687, 0.0107240891, 0.999759793, -0.0191168692, -0.89218688, 0.018199699, 0.451299548
CFrame 156: 128.969269, 440.440643, 105.491547, 0.45153901, 0.0122160455, 0.892167747, 0.0107240891, 0.999759793, -0.0191168711, -0.89218694, 0.0181997009, 0.451299548
CFrame 157: 128.988312, 440.440643, 105.502632, 0.45153901, 0.0122160465, 0.892167747, 0.01072409, 0.999759793, -0.0191168729, -0.89218694, 0.0181997027, 0.451299548
CFrame 158: 129.002594, 440.440643, 105.510941, 0.45153901, 0.0122160465, 0.892167747, 0.01072409, 0.999759793, -0.0191168729, -0.89218694, 0.0181997027, 0.451299548
CFrame 159: 129.018692, 440.440643, 105.520309, 0.45153901, 0.0122160465, 0.892167687, 0.01072409, 0.999759793, -0.0191168711, -0.89218688, 0.0181997009, 0.451299548
CFrame 160: 129.034775, 440.440643, 105.529678, 0.45153901, 0.0122160465, 0.892167747, 0.01072409, 0.999759793, -0.0191168729, -0.89218694, 0.0181997027, 0.451299548
CFrame 161: 129.043625, 440.440643, 105.534828, 0.45153901, 0.0122160465, 0.892167747, 0.01072409, 0.999759793, -0.0191168729, -0.89218694, 0.0181997027, 0.451299548
CFrame 162: 129.052887, 440.440643, 105.540215, 0.45153901, 0.0122160483, 0.892167747, 0.0107240919, 0.999759793, -0.0191168748, -0.89218694, 0.0181997046, 0.451299548
CFrame 163: 129.063065, 440.440643, 105.546143, 0.45153901, 0.0122160483, 0.892167747, 0.0107240919, 0.999759793, -0.0191168748, -0.89218694, 0.0181997046, 0.451299548
CFrame 164: 129.070816, 440.440643, 105.550659, 0.45153901, 0.0122160483, 0.892167747, 0.0107240919, 0.999759793, -0.0191168748, -0.89218694, 0.0181997046, 0.451299548
CFrame 165: 129.078476, 440.440643, 105.555115, 0.45153901, 0.0122160492, 0.892167747, 0.0107240928, 0.999759793, -0.0191168766, -0.89218694, 0.0181997065, 0.451299548
CFrame 166: 129.08606, 440.440643, 105.559525, 0.45153901, 0.0122160483, 0.892167747, 0.0107240919, 0.999759793, -0.0191168748, -0.89218694, 0.0181997046, 0.451299548
CFrame 167: 129.091843, 440.440643, 105.562889, 0.45153901, 0.0122160483, 0.892167747, 0.0107240919, 0.999759793, -0.0191168748, -0.89218694, 0.0181997046, 0.451299548
CFrame 168: 129.096466, 440.440643, 105.56559, 0.45153901, 0.0122160483, 0.892167747, 0.0107240919, 0.999759793, -0.0191168748, -0.89218694, 0.0181997046, 0.451299548
CFrame 169: 129.101059, 440.440643, 105.568253, 0.45153901, 0.0122160483, 0.892167747, 0.0107240919, 0.999759793, -0.0191168748, -0.89218694, 0.0181997046, 0.451299548
CFrame 170: 129.104385, 440.440643, 105.57019, 0.45153901, 0.0122160483, 0.892167747, 0.0107240919, 0.999759793, -0.0191168748, -0.89218694, 0.0181997046, 0.451299548
CFrame 171: 129.107513, 440.440643, 105.572014, 0.45153901, 0.0122160483, 0.892167747, 0.0107240919, 0.999759793, -0.0191168748, -0.89218694, 0.0181997046, 0.451299548
CFrame 172: 129.110428, 440.440643, 105.573708, 0.45153901, 0.0122160502, 0.892167747, 0.0107240938, 0.999759793, -0.0191168785, -0.89218694, 0.0181997083, 0.451299548
CFrame 173: 129.112686, 440.440643, 105.57502, 0.45153901, 0.0122160483, 0.892167747, 0.0107240919, 0.999759793, -0.0191168748, -0.89218694, 0.0181997046, 0.451299548
CFrame 174: 129.11438, 440.440643, 105.575996, 0.45153901, 0.0122160483, 0.892167747, 0.0107240919, 0.999759793, -0.0191168748, -0.89218694, 0.0181997046, 0.451299548
CFrame 175: 129.115646, 440.440643, 105.576736, 0.45153901, 0.0122160483, 0.892167747, 0.0107240919, 0.999759793, -0.0191168748, -0.89218694, 0.0181997046, 0.451299548
CFrame 176: 129.116806, 440.440643, 105.577415, 0.45153901, 0.0122160483, 0.892167747, 0.0107240919, 0.999759793, -0.0191168748, -0.89218694, 0.0181997046, 0.451299548
CFrame 177: 129.117599, 440.440643, 105.577881, 0.45153901, 0.0122160483, 0.892167747, 0.0107240919, 0.999759793, -0.0191168748, -0.89218694, 0.0181997046, 0.451299548
CFrame 178: 129.118164, 440.440643, 105.578217, 0.45153901, 0.0122160483, 0.892167747, 0.0107240919, 0.999759793, -0.0191168748, -0.89218694, 0.0181997046, 0.451299548
CFrame 179: 129.118546, 440.440643, 105.578438, 0.451539189, 0.0122160474, 0.892167687, 0.0107240891, 0.999759793, -0.0191168766, -0.89218688, 0.0181997065, 0.451299727
CFrame 180: 129.118729, 440.440643, 105.578537, 0.45153901, 0.0122160483, 0.892167807, 0.0107240919, 0.999759793, -0.0191168766, -0.892186999, 0.0181997065, 0.451299548
CFrame 181: 129.118835, 440.440643, 105.578598, 0.451538891, 0.0122160492, 0.892167807, 0.0107240928, 0.999759793, -0.0191168748, -0.892186999, 0.0181997046, 0.451299429
CFrame 182: 123.416534, 440.795929, 102.971794, 0.358771294, -0.0549406037, 0.931807339, 0.0040873643, 0.998349249, 0.0572902635, -0.933416665, -0.0167454761, 0.358403623
CFrame 183: 120.783012, 440.975739, 101.799408, 0.310598195, -0.090097405, 0.946261764, -0.00221358985, 0.995426476, 0.0955051631, -0.950538754, -0.031758368, 0.3089782
CFrame 184: 119.678101, 441.051178, 101.307526, 0.29020828, -0.105033308, 0.951181948, -0.00543835387, 0.99376142, 0.111394361, -0.956947982, -0.0375004299, 0.287826598
CFrame 185: 119.212234, 441.082977, 101.100128, 0.281585336, -0.111359417, 0.953052461, -0.00690009817, 0.99298203, 0.118063688, -0.959511459, -0.0398211665, 0.27884078
CFrame 186: 119.017509, 441.096283, 101.013443, 0.277977079, -0.11400836, 0.953797996, -0.0075289607, 0.992642701, 0.12084575, -0.960558116, -0.0407734476, 0.275073528
CFrame 187: 118.950325, 441.100861, 100.983536, 0.276731491, -0.114923, 0.954050541, -0.00774837658, 0.992523789, 0.121804908, -0.960916042, -0.0410996079, 0.27377212
CFrame 188: 118.919731, 441.102936, 100.96991, 0.276164114, -0.115339592, 0.954164743, -0.00784871355, 0.99246937, 0.122241534, -0.961078525, -0.0412477031, 0.273179173
CFrame 189: 118.912895, 441.103394, 100.966866, 0.276037335, -0.115432717, 0.954190195, -0.00787117332, 0.992457151, 0.122339115, -0.961114824, -0.0412807725, 0.273046613
CFrame 190: 118.90892, 441.103668, 100.965096, 0.275963545, -0.11548683, 0.954204917, -0.00788423419, 0.992450058, 0.122395813, -0.961135864, -0.041299969, 0.272969544
CFrame 191: 118.907471, 441.10379, 100.964455, 0.275936633, -0.115506575, 0.954210341, -0.00788900256, 0.992447495, 0.122416496, -0.961143553, -0.0413069725, 0.272941411
CFrame 192: 118.906876, 441.103821, 100.964188, 0.275925636, -0.115514681, 0.954212546, -0.00789095461, 0.992446423, 0.12242499, -0.961146712, -0.0413098484, 0.272929907
CFrame 193: 118.906631, 441.103851, 100.964081, 0.275921166, -0.115517944, 0.954213381, -0.00789174438, 0.992445946, 0.122428417, -0.961147904, -0.0413110144, 0.272925198
CFrame 194: 118.906555, 441.103851, 100.96405, 0.275919706, -0.115518972, 0.954213738, -0.00789199769, 0.992445886, 0.12242949, -0.961148381, -0.0413113721, 0.272923708
CFrame 195: 118.906517, 441.103851, 100.964027, 0.275918961, -0.115519524, 0.954213858, -0.00789213181, 0.992445767, 0.122430064, -0.96114862, -0.0413115695, 0.272922933
CFrame 196: 118.906502, 441.103851, 100.96402, 0.275918841, -0.115519732, 0.954213738, -0.00789218023, 0.992445707, 0.12243028, -0.9611485, -0.0413116403, 0.272922754
CFrame 197: 118.906502, 441.103851, 100.96402, 0.275918722, -0.115519777, 0.954213917, -0.00789218768, 0.992445707, 0.122430332, -0.961148679, -0.0413116589, 0.272922635
CFrame 198: 118.906494, 441.103851, 100.964027, 0.259609073, -0.0934028476, 0.961186469, 0.0196563676, 0.995616615, 0.0914395601, -0.965513885, -0.00484512374, 0.260307074
CFrame 199: 118.906494, 441.103851, 100.964027, 0.285517812, -0.115903877, 0.951339006, -0.00899811834, 0.992292106, 0.123593822, -0.958331227, -0.0438485108, 0.282274187
CFrame 200: 118.906502, 441.103851, 100.96402, 0.287113339, -0.129660621, 0.949080765, -0.0367881544, 0.988573015, 0.146185011, -0.957190096, -0.0768865943, 0.27906251
CFrame 201: 118.906494, 441.103851, 100.964027, 0.281675905, -0.137262985, 0.949640751, -0.0311825611, 0.987882376, 0.152039647, -0.959002733, -0.0724381283, 0.273982465
CFrame 202: 118.906494, 441.103851, 100.964027, 0.277281135, -0.126465574, 0.952429295, -0.0249352306, 0.990018189, 0.138716102, -0.960465193, -0.0622124001, 0.271359921
CFrame 203: 118.906502, 441.103851, 100.96402, 0.275424868, -0.102659591, 0.955825269, -0.0119503886, 0.993839145, 0.110185973, -0.961248219, -0.0417704359, 0.272501171
CFrame 204: 118.906494, 441.103851, 100.96402, 0.274519891, -0.106365621, 0.955680549, 0.00451443717, 0.993994892, 0.109333187, -0.961570919, -0.0256997831, 0.27335155
CFrame 205: 118.906494, 441.103851, 100.964027, 0.274376512, -0.108725831, 0.955456138, 0.00894277915, 0.993833125, 0.110524856, -0.961580873, -0.021781005, 0.273656785
CFrame 206: 118.906502, 441.103851, 100.96402, 0.274708867, -0.109667957, 0.955252886, 0.00540036708, 0.993634641, 0.112521365, -0.961512327, -0.0257519074, 0.273552477
CFrame 207: 118.906494, 441.103821, 100.964043, 0.27509743, -0.112045817, 0.954864979, -0.00020827353, 0.993178725, 0.116601638, -0.961416364, -0.0322756842, 0.273197591
CFrame 208: 118.906494, 441.103851, 100.964035, 0.275390983, -0.114133351, 0.954533041, -0.00481847674, 0.992750943, 0.120093226, -0.961320221, -0.0376719832, 0.272844732
CFrame 209: 118.906494, 441.103851, 100.964035, 0.282183945, -0.0876502842, 0.955347955, -0.0247956738, 0.994818628, 0.0985955745, -0.959039867, -0.0515105873, 0.278548479
CFrame 210: 118.906494, 441.103851, 100.964027, 0.27564162, -0.13926363, 0.951119006, -0.0259511843, 0.988011062, 0.152186245, -0.960910141, -0.0666315258, 0.268722892
CFrame 211: 118.906494, 441.103851, 100.964027, 0.289360136, -0.153778642, 0.944787145, -0.0553697757, 0.982669652, 0.176902696, -0.955617547, -0.103501245, 0.275830746
CFrame 212: 118.906502, 441.103851, 100.96402, 0.285501778, -0.156072617, 0.945584595, -0.0857078284, 0.978539348, 0.187389851, -0.954538167, -0.134544134, 0.265998065
CFrame 213: 118.906494, 441.103821, 100.964027, 0.285167247, -0.171527728, 0.943004727, -0.0999454111, 0.973171592, 0.207238719, -0.953252673, -0.153346702, 0.260373235
CFrame 214: 118.906502, 441.103821, 100.96402, 0.285915971, -0.179148927, 0.94135958, -0.111155435, 0.969536841, 0.218272209, -0.951785982, -0.167044759, 0.257292688
CFrame 215: 118.906502, 441.103821, 100.96402, 0.287080467, -0.184983671, 0.939875603, -0.122774631, 0.965978503, 0.227622166, -0.950006008, -0.180738762, 0.254602253
CFrame 216: 118.906494, 441.103821, 100.96402, 0.287587911, -0.186708465, 0.939379215, -0.127325222, 0.964655399, 0.230712518, -0.949253201, -0.185956791, 0.253650546
CFrame 217: 118.906494, 441.103851, 100.964035, 0.288088024, -0.187861249, 0.938996196, -0.131905153, 0.963436306, 0.233220041, -0.948475957, -0.191046327, 0.252774596
CFrame 218: 118.906487, 441.103851, 100.96405, 0.288222849, -0.187220946, 0.939082444, -0.133804515, 0.963204026, 0.233097196, -0.948168695, -0.192837387, 0.252566397
CFrame 219: 118.906494, 441.103851, 100.964043, 0.288117915, -0.186090276, 0.93933934, -0.133543625, 0.963542163, 0.231846049, -0.94823736, -0.192241773, 0.252762616
CFrame 220: 118.906494, 441.103851, 100.964035, 0.287668288, -0.183217973, 0.940041602, -0.130906463, 0.964796782, 0.228102401, -0.948741496, -0.188675329, 0.253557026
CFrame 221: 118.906494, 441.103851, 100.96405, 0.286572039, -0.177263126, 0.941517115, -0.123342201, 0.967729747, 0.219740331, -0.950085998, -0.179100215, 0.255460262
CFrame 222: 118.906487, 441.103851, 100.964035, 0.285185248, -0.170152247, 0.943248332, -0.112660497, 0.971343637, 0.209282517, -0.951828182, -0.165951103, 0.257843435
CFrame 223: 118.906502, 441.103851, 100.96402, 0.283683419, -0.162473544, 0.945053518, -0.0999691933, 0.975160241, 0.197657958, -0.953692853, -0.150548533, 0.260394454
CFrame 224: 118.906494, 441.103851, 100.964027, 0.281578273, -0.151339531, 0.947528303, -0.0800675452, 0.980334044, 0.180373043, -0.956191838, -0.1266554, 0.263923407
CFrame 225: 118.906494, 441.103851, 100.964027, 0.279365063, -0.138768584, 0.950104535, -0.055889003, 0.985473752, 0.160367876, -0.958557069, -0.0979015827, 0.267551303
CFrame 226: 118.906487, 441.103851, 100.964035, 0.277072221, -0.124089278, 0.952802658, -0.0258992836, 0.990300834, 0.136504337, -0.960500002, -0.0624984652, 0.271171033
CFrame 227: 118.906494, 441.103851, 100.96402, 0.276056737, -0.116611317, 0.954041183, -0.010182295, 0.992202163, 0.124221995, -0.961087406, -0.0440066494, 0.272716701
